calibration:
  depth_image:
    width: 640.000000
    height: 480.000000
    HFOV: 74.000000
    VFOV: 62.000000
    cu: 320.000000
    cv: 240.000000
  fundamental_matrix:
    rows: 3
    cols: 3
    matrix: [-0.000016, -0.000619, -0.078006, 0.000610, 0.000029, 0.086440, 0.227285, -0.243941, 1.000000]
  projection_matrix:
    rows: 3
    cols: 4
    matrix: [-894.145858, 0.440384, -908.853653, 376.391759, 33.238941, -911.059752, -574.397743, 229.721560, 0.196883, -0.007136, -2.506219, 1.000000]
