calibration:
  depth_image:
    width: 320.000000
    height: 240.000000
    HFOV: 58.000000
    VFOV: 45.000000
    cu: 160.000000
    cv: 120.000000
  fundamental_matrix:
    rows: 3
    cols: 3
    matrix: [-0.000011, -0.000334, 0.006707, 0.000332, 0.000014, -0.098864, -0.006708, 0.095455, 1.000000]
  projection_matrix:
    rows: 3
    cols: 4
    matrix: [-447.359064, 2.831012, -435.443525, 172.462302, -17.821517, -425.556590, -355.639556, 120.951481, 0.004462, 0.141874, -2.714869, 1.000000]